>> A = [10 2 -1; -3 -6 2; 1 1 5]

A =

    10     2    -1
    -3    -6     2
     1     1     5

>> Y = lu(A)

Y =

   10.0000    2.0000   -1.0000
   -0.3000   -5.4000    1.7000
    0.1000   -0.1481    5.3519

>> [L,U] = lu(A)

L =

    1.0000         0         0
   -0.3000    1.0000         0
    0.1000   -0.1481    1.0000


U =

   10.0000    2.0000   -1.0000
         0   -5.4000    1.7000
         0         0    5.3519

// B=[b1;b2;b3]   [A]^-1 = [B]
// [L][z1] = [1;0;0]  -->   [U][b1]=[z1]
// [L][z2] = [0;1;0]  -->   [U][b2]=[z2]
// [L][z3] = [0;0;1]  -->   [U][b3]=[z3]   


z1 =

    1.0000
    0.3000
   -0.0556

>> b1 = U\z1

b1 =

    0.1107
   -0.0588
   -0.0104

>> z2 = L\[0;1;0]

z2 =

         0
    1.0000
    0.1481

>> b2 = U\z2

b2 =

    0.0381
   -0.1765
    0.0277

>> z3 = L\[0;0;1]

z3 =

     0
     0
     1

>> b3 = U\z3

b3 =

    0.0069
    0.0588
    0.1869

   [A]^-1 = [B] = [0.1107 0.0381 0.0069; -0.0588 -0.1765 0.0588; -0.0104 0.0277 0.1869]