3)
>> A = [1 2; 3 4]

A =

     1     2
     3     4

>> B = A*A'

B =

     5    11
    11    25

>> C = A'*A

C =

    10    14
    14    20

>> [S,V,D] = svd(A)

S =

   -0.4046   -0.9145
   -0.9145    0.4046


V =

    5.4650         0
         0    0.3660


D =

   -0.5760    0.8174
   -0.8174   -0.5760

>> [veB eiB] = eig(B)

veB =

   -0.9145    0.4046
    0.4046    0.9145


eiB =

    0.1339         0
         0   29.8661

>> [veC eiC] = eig(C)

veC =

   -0.8174    0.5760
    0.5760    0.8174


eiC =

    0.1339         0
         0   29.8661


Singular value: S =              A*A^T eigenvec:			A^T*A eigenvec:

   -0.4046   -0.9145                      -0.9145    0.4046			 -0.8174    0.5760
   -0.9145    0.4046                       0.4046    0.9145			  0.5760    0.8174